Rk,G,Date,Age,Tm,,Opp,,GS,MP,FG,FGA,FG%,3P,3PA,3P%,FT,FTA,FT%,ORB,DRB,TRB,AST,STL,BLK,TOV,PF,PTS,GmSc,+/-
1,1,2021-10-20,26-325,NYK,,BOS,W (+4),1,46:00,12,27,.444,3,8,.375,8,8,1.000,0,8,8,9,0,3,7,4,35,23.1,+10
2,2,2021-10-22,26-327,NYK,@,ORL,W (+25),1,30:07,9,16,.563,2,6,.333,1,2,.500,0,10,10,7,2,0,4,3,21,17.7,+24
3,3,2021-10-24,26-329,NYK,,ORL,L (-6),1,38:29,8,24,.333,2,10,.200,12,14,.857,5,11,16,3,2,4,2,4,30,25.7,-1
4,4,2021-10-26,26-331,NYK,,PHI,W (+13),1,36:13,7,18,.389,2,5,.400,0,0,,4,7,11,7,0,0,1,0,16,15.0,+8
5,5,2021-10-28,26-333,NYK,@,CHI,W (+1),1,34:59,3,11,.273,0,2,.000,7,10,.700,4,12,16,9,1,0,4,2,13,14.2,-4
6,6,2021-10-30,26-335,NYK,@,NOP,W (+6),1,37:52,4,9,.444,2,2,1.000,0,0,,0,6,6,4,0,0,2,2,10,7.1,+2
7,7,2021-11-01,26-337,NYK,,TOR,L (-9),1,36:48,7,14,.500,4,7,.571,4,4,1.000,0,9,9,5,0,1,3,3,22,17.7,-15
8,8,2021-11-03,26-339,NYK,@,IND,L (-13),1,37:06,6,16,.375,0,2,.000,6,8,.750,5,9,14,3,1,0,3,4,18,13.1,-14
9,9,2021-11-05,26-341,NYK,@,MIL,W (+15),1,33:17,11,22,.500,3,9,.333,7,10,.700,5,7,12,4,0,2,3,4,32,25.0,+13
10,10,2021-11-07,26-343,NYK,,CLE,L (-17),1,36:55,7,17,.412,1,5,.200,4,5,.800,0,7,7,7,1,1,2,3,19,15.0,-22
11,11,2021-11-08,26-344,NYK,@,PHI,W (+7),1,35:40,12,25,.480,5,10,.500,2,2,1.000,2,10,12,3,1,0,3,2,31,22.0,-1
12,12,2021-11-10,26-346,NYK,,MIL,L (-12),1,27:13,6,15,.400,3,7,.429,1,2,.500,0,5,5,1,0,1,2,0,16,8.4,-26
13,13,2021-11-12,26-348,NYK,@,CHO,L (-8),1,32:52,4,15,.267,1,5,.200,1,4,.250,1,7,8,5,1,0,5,4,10,0.6,-18
14,14,2021-11-15,26-351,NYK,,IND,W (+8),1,35:29,5,15,.333,1,6,.167,0,1,.000,1,10,11,5,0,1,5,1,11,4.6,-2
15,15,2021-11-17,26-353,NYK,,ORL,L (-6),1,32:06,4,11,.364,4,10,.400,1,2,.500,0,5,5,3,1,0,3,5,13,6.1,-21
16,16,2021-11-20,26-356,NYK,,HOU,W (+7),1,33:23,4,15,.267,2,6,.333,6,8,.750,2,8,10,9,0,0,2,2,16,13.6,+2
17,17,2021-11-21,26-357,NYK,@,CHI,L (-6),1,38:33,13,19,.684,1,2,.500,7,8,.875,3,7,10,3,0,0,5,4,34,25.2,+6
18,18,2021-11-23,26-359,NYK,,LAL,W (+6),1,33:47,7,17,.412,1,5,.200,5,8,.625,1,15,16,5,1,0,4,5,20,13.4,-2
19,19,2021-11-26,26-362,NYK,,PHO,L (-21),1,31:37,3,8,.375,0,2,.000,3,4,.750,2,4,6,4,2,1,4,0,9,8.3,-7
20,20,2021-11-27,26-363,NYK,@,ATL,W (+9),1,31:43,3,14,.214,0,3,.000,2,2,1.000,3,8,11,4,0,0,1,2,8,4.9,+2
21,21,2021-11-30,27-001,NYK,@,BRK,L (-2),1,39:52,11,22,.500,0,2,.000,2,2,1.000,0,9,9,8,2,0,3,4,24,18.7,-8
22,22,2021-12-02,27-003,NYK,,CHI,L (-4),1,38:55,14,21,.667,0,0,,2,5,.400,4,8,12,6,0,2,7,5,30,21.5,-2
23,23,2021-12-04,27-005,NYK,,DEN,L (-14),1,35:07,9,18,.500,2,7,.286,4,5,.800,2,5,7,8,0,0,1,1,24,21.7,-2
24,24,2021-12-07,27-008,NYK,@,SAS,W (+12),1,35:22,5,12,.417,3,5,.600,2,2,1.000,0,7,7,7,1,1,1,3,15,15.1,+7
25,25,2021-12-08,27-009,NYK,@,IND,L (-20),1,31:28,6,18,.333,2,6,.333,4,4,1.000,1,7,8,2,2,1,5,3,18,8.5,-22
26,26,2021-12-10,27-011,NYK,@,TOR,L (-3),1,37:19,4,9,.444,1,4,.250,4,5,.800,3,11,14,5,1,0,3,1,13,14.4,-10
27,27,2021-12-12,27-013,NYK,,MIL,L (-15),1,35:28,2,9,.222,1,5,.200,3,4,.750,2,8,10,7,0,1,7,3,8,3.3,-17
28,28,2021-12-14,27-015,NYK,,GSW,L (-9),1,37:16,10,21,.476,5,8,.625,6,6,1.000,0,7,7,3,2,0,4,5,31,20.5,-9
29,29,2021-12-16,27-017,NYK,@,HOU,W (+13),1,31:32,6,18,.333,3,8,.375,6,6,1.000,1,5,6,6,1,0,3,4,21,13.6,-9
30,30,2021-12-18,27-019,NYK,@,BOS,L (-7),1,40:58,6,19,.316,1,7,.143,7,8,.875,0,9,9,7,0,1,4,3,20,11.8,-4
31,31,2021-12-21,27-022,NYK,,DET,W (+14),1,38:15,8,18,.444,1,6,.167,4,5,.800,1,10,11,3,1,0,6,5,21,10.0,+13
32,32,2021-12-23,27-024,NYK,,WAS,L (-7),1,35:27,10,22,.455,0,5,.000,3,4,.750,4,5,9,2,0,1,4,0,23,13.6,-4
33,33,2021-12-25,27-026,NYK,,ATL,W (+14),1,34:19,9,15,.600,6,9,.667,1,4,.250,1,11,12,3,1,0,3,3,25,19.8,+21
34,34,2021-12-28,27-029,NYK,@,MIN,W (+8),1,37:30,5,20,.250,1,5,.200,2,3,.667,4,11,15,2,0,1,4,4,13,3.2,+2
35,35,2021-12-29,27-030,NYK,@,DET,W (+9),1,26:05,2,11,.182,0,3,.000,1,1,1.000,3,7,10,5,2,0,3,2,5,4.0,-27
36,,2021-12-31,27-032,NYK,@,OKC,L (-15),Inactive,Inactive,Inactive,Inactive,Inactive,Inactive,Inactive,Inactive,Inactive,Inactive,Inactive,Inactive,Inactive,Inactive,Inactive,Inactive,Inactive,Inactive,Inactive,Inactive,Inactive,Inactive
37,,2022-01-02,27-034,NYK,@,TOR,L (-15),Inactive,Inactive,Inactive,Inactive,Inactive,Inactive,Inactive,Inactive,Inactive,Inactive,Inactive,Inactive,Inactive,Inactive,Inactive,Inactive,Inactive,Inactive,Inactive,Inactive,Inactive,Inactive
38,36,2022-01-04,27-036,NYK,,IND,W (+10),1,38:54,12,20,.600,2,7,.286,4,6,.667,0,16,16,4,1,0,3,1,30,25.2,+12
39,37,2022-01-06,27-038,NYK,,BOS,W (+3),1,38:24,8,20,.400,2,8,.250,4,6,.667,2,6,8,2,2,0,0,1,22,16.6,+14
40,38,2022-01-08,27-040,NYK,@,BOS,L (-24),1,37:26,6,19,.316,1,8,.125,0,0,,2,10,12,6,1,0,6,3,13,4.5,-17
41,39,2022-01-10,27-042,NYK,,SAS,W (+15),1,33:46,1,7,.143,0,3,.000,0,0,,1,11,12,3,0,1,3,3,2,0.1,+16
42,40,2022-01-12,27-044,NYK,,DAL,W (+23),1,37:28,6,17,.353,1,3,.333,4,6,.667,1,11,12,8,0,0,5,2,17,10.5,+29
43,41,2022-01-15,27-047,NYK,@,ATL,W (+9),1,37:30,10,21,.476,2,6,.333,2,3,.667,1,5,6,9,0,0,1,4,24,18.8,+12
44,42,2022-01-17,27-049,NYK,,CHO,L (-10),1,31:19,6,16,.375,3,7,.429,3,4,.750,4,6,10,3,0,1,1,3,18,14.0,-22
45,43,2022-01-18,27-050,NYK,,MIN,L (-2),1,38:59,6,15,.400,0,4,.000,9,11,.818,2,7,9,9,2,4,3,4,21,22.1,+9
46,44,2022-01-20,27-052,NYK,,NOP,L (-11),1,29:29,1,9,.111,0,2,.000,2,4,.500,2,5,7,6,1,1,3,1,4,2.7,-26
47,45,2022-01-23,27-055,NYK,,LAC,W (+8),1,40:05,8,15,.533,3,7,.429,5,6,.833,0,9,9,5,0,0,7,4,24,13.9,+4
48,46,2022-01-24,27-056,NYK,@,CLE,L (-2),1,32:54,6,17,.353,2,7,.286,4,6,.667,1,6,7,4,3,0,4,3,18,10.8,-22
49,47,2022-01-26,27-058,NYK,@,MIA,L (-14),1,26:45,5,12,.417,0,3,.000,1,1,1.000,1,5,6,4,0,0,4,2,11,4.8,-34
50,48,2022-01-28,27-060,NYK,@,MIL,L (-15),1,36:38,4,9,.444,0,1,.000,1,2,.500,1,10,11,3,0,0,4,3,9,4.5,-11
51,49,2022-01-31,27-063,NYK,,SAC,W (+20),1,29:28,7,14,.500,1,3,.333,2,2,1.000,2,7,9,4,1,0,4,2,17,12.5,+10
52,50,2022-02-02,27-065,NYK,,MEM,L (-12),1,36:53,7,18,.389,1,6,.167,3,5,.600,4,8,12,9,1,0,2,5,18,15.9,-9
53,51,2022-02-05,27-068,NYK,@,LAL,L (-7),1,41:16,11,22,.500,2,4,.500,8,10,.800,5,11,16,7,0,2,5,4,32,26.7,-9
54,52,2022-02-07,27-070,NYK,@,UTA,L (-9),1,37:56,10,20,.500,2,5,.400,8,12,.667,2,4,6,5,1,0,5,2,30,19.7,-3
55,53,2022-02-08,27-071,NYK,@,DEN,L (-17),1,34:14,11,22,.500,3,8,.375,3,4,.750,4,6,10,6,3,0,1,3,28,26.2,-8
56,54,2022-02-10,27-073,NYK,@,GSW,W (+2),1,36:39,10,23,.435,0,3,.000,8,12,.667,2,14,16,7,0,1,2,0,28,23.5,+4
